punc CR: [0.76, 0.76, 0.76, 0.76, 0.76, 0.76, 0.76, 0.76, 0.76, 0.76]nlp_flip_dep_1 CR: [0.76, 0.76, 0.76, 0.76, 0.76, 0.76, 0.76, 0.76, 0.76, 0.76]Sig [1.0563484790092563, 1.0563484790092563, 1.0563484790092563, 1.0563484790092563, 1.0563484790092563, 1.0563484790092563, 1.0563484790092563, 1.0563484790092563, 1.0563484790092563, 1.0563484790092563]

punc CR: [0.77, 0.77, 0.77, 0.77, 0.77, 0.77, 0.77, 0.77, 0.77, 0.77]nlp_flip_dep_obj CR: [0.75, 0.75, 0.75, 0.75, 0.75, 0.75, 0.75, 0.75, 0.75, 0.75]Sig [0.8320703744377606, 0.8320703744377606, 0.8320703744377606, 0.8320703744377606, 0.8320703744377606, 0.8320703744377606, 0.8320703744377606, 0.8320703744377606, 0.8320703744377606, 0.8320703744377606]

punc CR: [0.84, 0.84, 0.84, 0.84, 0.84, 0.84, 0.84, 0.84, 0.84, 0.84]x 1 CR: [0.83, 0.83, 0.83, 0.83, 0.83, 0.83, 0.83, 0.83, 0.83, 0.83]Sig [0.9436515209907436, 0.9436515209907436, 0.9436515209907436, 0.9436515209907436, 0.9436515209907436, 0.9436515209907436, 0.9436515209907436, 0.9436515209907436, 0.9436515209907436, 0.9436515209907436]

punc CR: [0.81, 0.81, 0.81, 0.81, 0.81, 0.81, 0.81, 0.81, 0.81, 0.81]x 2 CR: [0.8, 0.8, 0.8, 0.8, 0.8, 0.8, 0.8, 0.8, 0.8, 0.8]Sig [0.9436515209907436, 0.9436515209907436, 0.9436515209907436, 0.9436515209907436, 0.9436515209907436, 0.9436515209907436, 0.9436515209907436, 0.9436515209907436, 0.9436515209907436, 0.9436515209907436]

punc CR: [0.84, 0.84, 0.84, 0.84, 0.84, 0.84, 0.84, 0.84, 0.84, 0.84]x 3 CR: [0.825, 0.825, 0.825, 0.825, 0.825, 0.825, 0.825, 0.825, 0.825, 0.825]Sig [0.8878609477142521, 0.8878609477142521, 0.8878609477142521, 0.8878609477142521, 0.8878609477142521, 0.8878609477142521, 0.8878609477142521, 0.8878609477142521, 0.8878609477142521, 0.8878609477142521]

punc CR: [0.895, 0.895, 0.895, 0.895, 0.895, 0.895, 0.895, 0.895, 0.895, 0.895]x 4 CR: [0.895, 0.895, 0.895, 0.895, 0.895, 0.895, 0.895, 0.895, 0.895, 0.895]Sig [1.0563484790092563, 1.0563484790092563, 1.0563484790092563, 1.0563484790092563, 1.0563484790092563, 1.0563484790092563, 1.0563484790092563, 1.0563484790092563, 1.0563484790092563, 1.0563484790092563]

punc CR: [0.84, 0.84, 0.84, 0.84, 0.84, 0.84, 0.84, 0.84, 0.84, 0.84]x 5 CR: [0.84, 0.84, 0.84, 0.84, 0.84, 0.84, 0.84, 0.84, 0.84, 0.84]Sig [1.0563484790092563, 1.0563484790092563, 1.0563484790092563, 1.0563484790092563, 1.0563484790092563, 1.0563484790092563, 1.0563484790092563, 1.0563484790092563, 1.0563484790092563, 1.0563484790092563]

